$ 1 0.000005 10.20027730826997 50 5 50
R 176 64 64 64 0 0 40 5 0 0 0.5
r 176 112 176 192 0 220
r 224 112 224 192 0 470
r 272 112 272 192 0 1000
162 176 192 176 256 2 default-led 1 0 0 0.01
162 224 192 224 256 2 default-led 1 0 0 0.01
162 272 192 272 256 2 default-led 1 0 0 0.01
g 128 304 80 304 0
w 272 80 272 112 0
w 224 80 224 112 0
w 176 64 176 112 0
w 128 304 176 304 0
w 272 304 272 256 0
w 224 256 224 304 0
w 176 256 176 304 0
w 176 304 224 304 0
w 224 304 272 304 0
w 176 64 224 64 0
w 224 64 224 80 0
w 224 64 272 64 0
w 272 64 272 80 0
